150
150
8
15
111111111111111111111111011111111111111111111111111111111111111111111111110111111111111111111111111111111111111111111111111101111111111111111111111111
100000000000000000000000000000000000000000000000011000000000000000000000000000000000000000000000000110000000000000000000000000000000000000000000000001
100011111110000001111110000000001111111000000000011000111111100000011111100000000011111110000000000110001111111000000111111000000000111111100000000001
100000000000000000000000000000000000000000000000011000000000000000000000000000000000000000000000000110000000000000000000000000000000000000000000000001
100000000000000000000000000000000000000000000000011000000000000000000000000000000000000000000000000110000000000000000000000000000000000000000000000001
111111111000000000000000000000111110000000011111111111111110000000000000000000001111100000000111111111111111100000000000000000000011111000000001111111
100000000000000000000000000000000000000000000000011000000000000000000000000000000000000000000000000110000000000000000000000000000000000000000000000001
100000000000000000000000000000000000000000000000011000000000000000000000000000000000000000000000000110000000000000000000000000000000000000000000000001
100000000000000000000000000000000000000000000000011000000000000000000000000000000000000000000000000110000000000000000000000000000000000000000000000001
100000000000000000000000000000000000000000000000011000000000000000000000000000000000000000000000000110000000000000000000000000000000000000000000000001
100111111111111111111110000000000000000000111111111001111111111111111111100000000000000000001111111110011111111111111111111000000000000000000011111111
100100000000000000000000000000000000000000000000011001000000000000000000000000000000000000000000000110010000000000000000000000000000000000000000000001
100100000000000000111110000000000000000000000000011001000000000000001111100000000000000000000000000110010000000000000011111000000000000000000000000001
100111111000000000000011101111000000000000000000011001111110000000000000111011110000000000000000000110011111100000000000001110111100000000000000000001
100100010000000111110011101111111111111111000001111001000100000001111100111011111111111111110000011110010001000000011111001110111111111111111100000111
100100010001101111111110000000000000000011110011111001000100011011111111100000000000000000111100111110010001000110111111111000000000000000001111001111
100100010011111000000111101111111111000000000000011001000100111110000001111011111111110000000000000110010001001111100000011110111111111100000000000001
100110110111110000000110000000000000001111111111111001101101111100000001100000000000000011111111111110011011011111000000011000000000000000111111111111
100000000000011110111111101111111111000111110001111000000000000111101111111011111111110001111100011110000000000001111011111110111111111100011111000111
100000000000000000000000000000000000000000000000011000000000000000000000000000000000000000000000000110000000000000000000000000000000000000000000000001
000000000000000000000000000000000000000000000000000000000000000000000000000000000000000000000000000000000000000000000000000000000000000000000000000000
100000000000000000000000000000000000000000000000011000000000000000000000000000000000000000000000000110000000000000000000000000000000000000000000000001
100000000000000000000000000000000000000000000000011000000000000000000000000000000000000000000000000110000000000000000000000000000000000000000000000001
100000000000000000000000000000000000000000000000011000000000000000000000000000000000000000000000000110000000000000000000000000000000000000000000000001
100000000000000000000000000000000000000000000000011000000000000000000000000000000000000000000000000110000000000000000000000000000000000000000000000001
100000000000000000000000000000000000000000000000011000000000000000000000000000000000000000000000000110000000000000000000000000000000000000000000000001
100101010101010101010101010101010101010101010100011001010101010101010101010101010101010101010101000110010101010101010101010101010101010101010101010001
100010101010001010101010001010001010101000101010011000101010100010101010100010100010101010001010100110001010101000101010101000101000101010100010101001
100010000000001000000000001000000000001000000010011000100000000010000000000010000000000010000000100110001000000000100000000000100000000000100000001001
100010000000001000000000001000000000001000000010011000100000000010000000000010000000000010000000100110001000000000100000000000100000000000100000001001
100010000000001000000000001000000000001000000010011000100000000010000000000010000000000010000000100110001000000000100000000000100000000000100000001001
100010000000001000000000001000000000001000000010011000100000000010000000000010000000000010000000100110001000000000100000000000100000000000100000001001
100010000000001000000000001000000000001000000010011000100000000010000000000010000000000010000000100110001000000000100000000000100000000000100000001001
100010000000001000000000001000000000001000000010011000100000000010000000000010000000000010000000100110001000000000100000000000100000000000100000001001
100010000000001000000000001000000000001000000010011000100000000010000000000010000000000010000000100110001000000000100000000000100000000000100000001001
100010000000001000000000001000000000001000000010011000100000000010000000000010000000000010000000100110001000000000100000000000100000000000100000001001
100010000000001000000000001000000000001000000010011000100000000010000000000010000000000010000000100110001000000000100000000000100000000000100000001001
100010000000001000000000001000000000001000000010011000100000000010000000000010000000000010000000100110001000000000100000000000100000000000100000001001
100010000000001000000000001000000000001000000010011000100000000010000000000010000000000010000000100110001000000000100000000000100000000000100000001001
100010000000001000000000001000000000001000000010011000100000000010000000000010000000000010000000100110001000000000100000000000100000000000100000001001
100010000000001000000000001000000000001000000010011000100000000010000000000010000000000010000000100110001000000000100000000000100000000000100000001001
100010000000001000000000001000000000001000000010011000100000000010000000000010000000000010000000100110001000000000100000000000100000000000100000001001
100010000000001000000000001000000000001000000010011000100000000010000000000010000000000010000000100110001000000000100000000000100000000000100000001001
100010000000001000000000001000000000001000000010011000100000000010000000000010000000000010000000100110001000000000100000000000100000000000100000001001
100010000000001000000000001000000000001000000010011000100000000010000000000010000000000010000000100110001000000000100000000000100000000000100000001001
100010000000001000000000001000000000001000000010011000100000000010000000000010000000000010000000100110001000000000100000000000100000000000100000001001
100010000000001000000000001000000000001000000010011000100000000010000000000010000000000010000000100110001000000000100000000000100000000000100000001001
100010000000001000000000001000000000001000000010011000100000000010000000000010000000000010000000100110001000000000100000000000100000000000100000001001
100000000000000000000000000000000000000000000000011000000000000000000000000000000000000000000000000110000000000000000000000000000000000000000000000001
111111111111111111111110111111111111111111111111111111111111111111111111101111111111111111111111111111111111111111111111111011111111111111111111111111
111111111111111111111110111111111111111111111111111111111111111111111111101111111111111111111111111111111111111111111111111011111111111111111111111111
100000000000000000000000000000000000000000000000011000000000000000000000000000000000000000000000000110000000000000000000000000000000000000000000000001
100011111110000001111110000000001111111000000000011000111111100000011111100000000011111110000000000110001111111000000111111000000000111111100000000001
100000000000000000000000000000000000000000000000011000000000000000000000000000000000000000000000000110000000000000000000000000000000000000000000000001
100000000000000000000000000000000000000000000000011000000000000000000000000000000000000000000000000110000000000000000000000000000000000000000000000001
111111111000000000000000000000111110000000011111111111111110000000000000000000001111100000000111111111111111100000000000000000000011111000000001111111
100000000000000000000000000000000000000000000000011000000000000000000000000000000000000000000000000110000000000000000000000000000000000000000000000001
100000000000000000000000000000000000000000000000011000000000000000000000000000000000000000000000000110000000000000000000000000000000000000000000000001
100000000000000000000000000000000000000000000000011000000000000000000000000000000000000000000000000110000000000000000000000000000000000000000000000001
100000000000000000000000000000000000000000000000011000000000000000000000000000000000000000000000000110000000000000000000000000000000000000000000000001
100111111111111111111110000000000000000000111111111001111111111111111111100000000000000000001111111110011111111111111111111000000000000000000011111111
100100000000000000000000000000000000000000000000011001000000000000000000000000000000000000000000000110010000000000000000000000000000000000000000000001
100100000000000000111110000000000000000000000000011001000000000000001111100000000000000000000000000110010000000000000011111000000000000000000000000001
100111111000000000000011101111000000000000000000011001111110000000000000111011110000000000000000000110011111100000000000001110111100000000000000000001
100100010000000111110011101111111111111111000001111001000100000001111100111011111111111111110000011110010001000000011111001110111111111111111100000111
100100010001101111111110000000000000000011110011111001000100011011111111100000000000000000111100111110010001000110111111111000000000000000001111001111
100100010011111000000111101111111111000000000000011001000100111110000001111011111111110000000000000110010001001111100000011110111111111100000000000001
100110110111110000000110000000000000001111111111111001101101111100000001100000000000000011111111111110011011011111000000011000000000000000111111111111
100000000000011110111111101111111111000111110001111000000000000111101111111011111111110001111100011110000000000001111011111110111111111100011111000111
100000000000000000000000000000000000000000000000011000000000000000000000000000000000000000000000000110000000000000000000000000000000000000000000000001
000000000000000000000000000000000000000000000000000000000000000000000000000000000000000000000000000000000000000000000000000000000000000000000000000000
100000000000000000000000000000000000000000000000011000000000000000000000000000000000000000000000000110000000000000000000000000000000000000000000000001
100000000000000000000000000000000000000000000000011000000000000000000000000000000000000000000000000110000000000000000000000000000000000000000000000001
100000000000000000000000000000000000000000000000011000000000000000000000000000000000000000000000000110000000000000000000000000000000000000000000000001
100000000000000000000000000000000000000000000000011000000000000000000000000000000000000000000000000110000000000000000000000000000000000000000000000001
100000000000000000000000000000000000000000000000011000000000000000000000000000000000000000000000000110000000000000000000000000000000000000000000000001
100101010101010101010101010101010101010101010100011001010101010101010101010101010101010101010101000110010101010101010101010101010101010101010101010001
100010101010001010101010001010001010101000101010011000101010100010101010100010100010101010001010100110001010101000101010101000101000101010100010101001
100010000000001000000000001000000000001000000010011000100000000010000000000010000000000010000000100110001000000000100000000000100000000000100000001001
100010000000001000000000001000000000001000000010011000100000000010000000000010000000000010000000100110001000000000100000000000100000000000100000001001
100010000000001000000000001000000000001000000010011000100000000010000000000010000000000010000000100110001000000000100000000000100000000000100000001001
100010000000001000000000001000000000001000000010011000100000000010000000000010000000000010000000100110001000000000100000000000100000000000100000001001
100010000000001000000000001000000000001000000010011000100000000010000000000010000000000010000000100110001000000000100000000000100000000000100000001001
100010000000001000000000001000000000001000000010011000100000000010000000000010000000000010000000100110001000000000100000000000100000000000100000001001
100010000000001000000000001000000000001000000010011000100000000010000000000010000000000010000000100110001000000000100000000000100000000000100000001001
100010000000001000000000001000000000001000000010011000100000000010000000000010000000000010000000100110001000000000100000000000100000000000100000001001
100010000000001000000000001000000000001000000010011000100000000010000000000010000000000010000000100110001000000000100000000000100000000000100000001001
100010000000001000000000001000000000001000000010011000100000000010000000000010000000000010000000100110001000000000100000000000100000000000100000001001
100010000000001000000000001000000000001000000010011000100000000010000000000010000000000010000000100110001000000000100000000000100000000000100000001001
100010000000001000000000001000000000001000000010011000100000000010000000000010000000000010000000100110001000000000100000000000100000000000100000001001
100010000000001000000000001000000000001000000010011000100000000010000000000010000000000010000000100110001000000000100000000000100000000000100000001001
100010000000001000000000001000000000001000000010011000100000000010000000000010000000000010000000100110001000000000100000000000100000000000100000001001
100010000000001000000000001000000000001000000010011000100000000010000000000010000000000010000000100110001000000000100000000000100000000000100000001001
100010000000001000000000001000000000001000000010011000100000000010000000000010000000000010000000100110001000000000100000000000100000000000100000001001
100010000000001000000000001000000000001000000010011000100000000010000000000010000000000010000000100110001000000000100000000000100000000000100000001001
100010000000001000000000001000000000001000000010011000100000000010000000000010000000000010000000100110001000000000100000000000100000000000100000001001
100010000000001000000000001000000000001000000010011000100000000010000000000010000000000010000000100110001000000000100000000000100000000000100000001001
100010000000001000000000001000000000001000000010011000100000000010000000000010000000000010000000100110001000000000100000000000100000000000100000001001
100000000000000000000000000000000000000000000000011000000000000000000000000000000000000000000000000110000000000000000000000000000000000000000000000001
111111111111111111111110111111111111111111111111111111111111111111111111101111111111111111111111111111111111111111111111111011111111111111111111111111
111111111111111111111110111111111111111111111111111111111111111111111111101111111111111111111111111111111111111111111111111011111111111111111111111111
100000000000000000000000000000000000000000000000011000000000000000000000000000000000000000000000000110000000000000000000000000000000000000000000000001
100011111110000001111110000000001111111000000000011000111111100000011111100000000011111110000000000110001111111000000111111000000000111111100000000001
100000000000000000000000000000000000000000000000011000000000000000000000000000000000000000000000000110000000000000000000000000000000000000000000000001
100000000000000000000000000000000000000000000000011000000000000000000000000000000000000000000000000110000000000000000000000000000000000000000000000001
111111111000000000000000000000111110000000011111111111111110000000000000000000001111100000000111111111111111100000000000000000000011111000000001111111
100000000000000000000000000000000000000000000000011000000000000000000000000000000000000000000000000110000000000000000000000000000000000000000000000001
100000000000000000000000000000000000000000000000011000000000000000000000000000000000000000000000000110000000000000000000000000000000000000000000000001
100000000000000000000000000000000000000000000000011000000000000000000000000000000000000000000000000110000000000000000000000000000000000000000000000001
100000000000000000000000000000000000000000000000011000000000000000000000000000000000000000000000000110000000000000000000000000000000000000000000000001
100111111111111111111110000000000000000000111111111001111111111111111111100000000000000000001111111110011111111111111111111000000000000000000011111111
100100000000000000000000000000000000000000000000011001000000000000000000000000000000000000000000000110010000000000000000000000000000000000000000000001
100100000000000000111110000000000000000000000000011001000000000000001111100000000000000000000000000110010000000000000011111000000000000000000000000001
100111111000000000000011101111000000000000000000011001111110000000000000111011110000000000000000000110011111100000000000001110111100000000000000000001
100100010000000111110011101111111111111111000001111001000100000001111100111011111111111111110000011110010001000000011111001110111111111111111100000111
100100010001101111111110000000000000000011110011111001000100011011111111100000000000000000111100111110010001000110111111111000000000000000001111001111
100100010011111000000111101111111111000000000000011001000100111110000001111011111111110000000000000110010001001111100000011110111111111100000000000001
100110110111110000000110000000000000001111111111111001101101111100000001100000000000000011111111111110011011011111000000011000000000000000111111111111
100000000000011110111111101111111111000111110001111000000000000111101111111011111111110001111100011110000000000001111011111110111111111100011111000111
100000000000000000000000000000000000000000000000011000000000000000000000000000000000000000000000000110000000000000000000000000000000000000000000000001
000000000000000000000000000000000000000000000000000000000000000000000000000000000000000000000000000000000000000000000000000000000000000000000000000000
100000000000000000000000000000000000000000000000011000000000000000000000000000000000000000000000000110000000000000000000000000000000000000000000000001
100000000000000000000000000000000000000000000000011000000000000000000000000000000000000000000000000110000000000000000000000000000000000000000000000001
100000000000000000000000000000000000000000000000011000000000000000000000000000000000000000000000000110000000000000000000000000000000000000000000000001
100000000000000000000000000000000000000000000000011000000000000000000000000000000000000000000000000110000000000000000000000000000000000000000000000001
100000000000000000000000000000000000000000000000011000000000000000000000000000000000000000000000000110000000000000000000000000000000000000000000000001
100101010101010101010101010101010101010101010100011001010101010101010101010101010101010101010101000110010101010101010101010101010101010101010101010001
100010101010001010101010001010001010101000101010011000101010100010101010100010100010101010001010100110001010101000101010101000101000101010100010101001
100010000000001000000000001000000000001000000010011000100000000010000000000010000000000010000000100110001000000000100000000000100000000000100000001001
100010000000001000000000001000000000001000000010011000100000000010000000000010000000000010000000100110001000000000100000000000100000000000100000001001
100010000000001000000000001000000000001000000010011000100000000010000000000010000000000010000000100110001000000000100000000000100000000000100000001001
100010000000001000000000001000000000001000000010011000100000000010000000000010000000000010000000100110001000000000100000000000100000000000100000001001
100010000000001000000000001000000000001000000010011000100000000010000000000010000000000010000000100110001000000000100000000000100000000000100000001001
100010000000001000000000001000000000001000000010011000100000000010000000000010000000000010000000100110001000000000100000000000100000000000100000001001
100010000000001000000000001000000000001000000010011000100000000010000000000010000000000010000000100110001000000000100000000000100000000000100000001001
100010000000001000000000001000000000001000000010011000100000000010000000000010000000000010000000100110001000000000100000000000100000000000100000001001
100010000000001000000000001000000000001000000010011000100000000010000000000010000000000010000000100110001000000000100000000000100000000000100000001001
100010000000001000000000001000000000001000000010011000100000000010000000000010000000000010000000100110001000000000100000000000100000000000100000001001
100010000000001000000000001000000000001000000010011000100000000010000000000010000000000010000000100110001000000000100000000000100000000000100000001001
100010000000001000000000001000000000001000000010011000100000000010000000000010000000000010000000100110001000000000100000000000100000000000100000001001
100010000000001000000000001000000000001000000010011000100000000010000000000010000000000010000000100110001000000000100000000000100000000000100000001001
100010000000001000000000001000000000001000000010011000100000000010000000000010000000000010000000100110001000000000100000000000100000000000100000001001
100010000000001000000000001000000000001000000010011000100000000010000000000010000000000010000000100110001000000000100000000000100000000000100000001001
100010000000001000000000001000000000001000000010011000100000000010000000000010000000000010000000100110001000000000100000000000100000000000100000001001
100010000000001000000000001000000000001000000010011000100000000010000000000010000000000010000000100110001000000000100000000000100000000000100000001001
100010000000001000000000001000000000001000000010011000100000000010000000000010000000000010000000100110001000000000100000000000100000000000100000001001
100010000000001000000000001000000000001000000010011000100000000010000000000010000000000010000000100110001000000000100000000000100000000000100000001001
100010000000001000000000001000000000001000000010011000100000000010000000000010000000000010000000100110001000000000100000000000100000000000100000001001
100000000000000000000000000000000000000000000000011000000000000000000000000000000000000000000000000110000000000000000000000000000000000000000000000001
111111111111111111111110111111111111111111111111111111111111111111111111101111111111111111111111111111111111111111111111111011111111111111111111111111
