30
20
5
10
111111111011111111111111111111
100000000000000000000000000000
100000000000111111111110000000
100000000000000000000000000000
100000000000000000000000010000
100000000000000000000000010000
100000000000000000000000010000
100000000001111110000000010000
100000000000111110000000010000
100000000000111110000000010000
000000000000111110000000000000
100000000000000000000000000000
100000000000000000000000000000
100000000000000000000000000000
100000000000000000000000000000
100000000000000000000000000000
100000000000000000000000000000
100000000000000000000000000000
100000000000000000000000000000
100000000001010101000000000000
